 #  Results from PENMAIN.
 #  Energy distributions of downbound particles.
 #  1st column: E (eV).
 #  2nd and 3rd columns: PDF and STU for electrons.
 #  4th and 5th columns: PDF and STU for photons.
 #  6th and 7th columns: PDF and STU for positrons.
 #    PDFs and STUs in units of 1/(eV*primary_particle).
  1.500000E+02  2.233000E-06  8.28E-08  2.280000E-07  2.62E-08  1.000000E-35  0.00E+00
  4.500000E+02  3.391667E-06  1.02E-07  6.800000E-08  1.43E-08  1.000000E-35  0.00E+00
  7.500000E+02  2.195000E-06  8.18E-08  7.666667E-08  1.52E-08  1.000000E-35  0.00E+00
  1.050000E+03  1.927667E-06  7.66E-08  6.233333E-08  1.37E-08  1.000000E-35  0.00E+00
  1.350000E+03  1.869000E-06  7.57E-08  6.466667E-08  1.39E-08  1.000000E-35  0.00E+00
  1.650000E+03  1.759000E-06  7.33E-08  1.243333E-07  1.93E-08  1.000000E-35  0.00E+00
  1.950000E+03  1.441667E-06  6.64E-08  6.233333E-08  1.37E-08  1.000000E-35  0.00E+00
  2.250000E+03  1.012667E-06  5.53E-08  1.203667E-06  6.01E-08  1.000000E-35  0.00E+00
  2.550000E+03  8.733333E-07  5.12E-08  4.000000E-08  1.10E-08  1.000000E-35  0.00E+00
  2.850000E+03  8.670000E-07  5.11E-08  5.066667E-08  1.23E-08  1.000000E-35  0.00E+00
  3.150000E+03  7.926667E-07  4.88E-08  2.833333E-08  9.22E-09  1.000000E-35  0.00E+00
  3.450000E+03  7.523333E-07  4.75E-08  2.400000E-08  8.49E-09  1.000000E-35  0.00E+00
  3.750000E+03  7.103333E-07  4.62E-08  2.800000E-08  9.17E-09  1.000000E-35  0.00E+00
  4.050000E+03  6.496667E-07  4.41E-08  2.100000E-08  7.94E-09  1.000000E-35  0.00E+00
  4.350000E+03  6.256667E-07  4.34E-08  2.066667E-08  7.87E-09  1.000000E-35  0.00E+00
  4.650000E+03  5.850000E-07  4.19E-08  2.000000E-08  7.75E-09  1.000000E-35  0.00E+00
  4.950000E+03  5.533333E-07  4.08E-08  2.366667E-08  8.43E-09  1.000000E-35  0.00E+00
  5.250000E+03  5.106667E-07  3.91E-08  1.966667E-08  7.68E-09  1.000000E-35  0.00E+00
  5.550000E+03  4.826667E-07  3.81E-08  2.100000E-08  7.94E-09  1.000000E-35  0.00E+00
  5.850000E+03  4.703333E-07  3.76E-08  1.833333E-08  7.42E-09  1.000000E-35  0.00E+00
  6.150000E+03  4.396667E-07  3.64E-08  2.133333E-08  8.00E-09  1.000000E-35  0.00E+00
  6.450000E+03  4.450000E-07  3.66E-08  2.533333E-08  8.72E-09  1.000000E-35  0.00E+00
  6.750000E+03  4.070000E-07  3.50E-08  1.866667E-08  7.48E-09  1.000000E-35  0.00E+00
  7.050000E+03  4.063333E-07  3.51E-08  1.800000E-08  7.35E-09  1.000000E-35  0.00E+00
  7.350000E+03  3.820000E-07  3.39E-08  1.966667E-08  7.68E-09  1.000000E-35  0.00E+00
  7.650000E+03  3.753333E-07  3.36E-08  1.900000E-08  7.55E-09  1.000000E-35  0.00E+00
  7.950000E+03  3.463333E-07  3.23E-08  1.433333E-08  6.56E-09  1.000000E-35  0.00E+00
  8.250000E+03  3.426667E-07  3.21E-08  1.766667E-08  7.28E-09  1.000000E-35  0.00E+00
  8.550000E+03  3.266667E-07  3.14E-08  3.233333E-08  9.85E-09  1.000000E-35  0.00E+00
  8.850000E+03  3.243333E-07  3.13E-08  1.400000E-08  6.48E-09  1.000000E-35  0.00E+00
  9.150000E+03  3.023333E-07  3.01E-08  1.633333E-08  7.00E-09  1.000000E-35  0.00E+00
  9.450000E+03  3.133333E-07  3.08E-08  1.466667E-08  6.63E-09  1.000000E-35  0.00E+00
  9.750000E+03  3.063333E-07  3.03E-08  2.793333E-07  2.89E-08  1.000000E-35  0.00E+00
  1.005000E+04  3.050000E-07  3.03E-08  1.300000E-08  6.24E-09  1.000000E-35  0.00E+00
  1.035000E+04  2.850000E-07  2.93E-08  1.633333E-08  7.00E-09  1.000000E-35  0.00E+00
  1.065000E+04  2.990000E-07  2.99E-08  1.033333E-08  5.57E-09  1.000000E-35  0.00E+00
  1.095000E+04  2.830000E-07  2.93E-08  1.466667E-08  6.63E-09  1.000000E-35  0.00E+00
  1.125000E+04  2.920000E-07  2.96E-08  1.900000E-08  7.55E-09  1.000000E-35  0.00E+00
  1.155000E+04  2.943333E-07  2.98E-08  1.583333E-07  2.18E-08  1.000000E-35  0.00E+00
  1.185000E+04  2.903333E-07  2.97E-08  1.766667E-08  7.28E-09  1.000000E-35  0.00E+00
  1.215000E+04  2.936667E-07  2.99E-08  1.200000E-08  6.00E-09  1.000000E-35  0.00E+00
  1.245000E+04  2.980000E-07  3.01E-08  6.666667E-09  4.47E-09  1.000000E-35  0.00E+00
  1.275000E+04  2.870000E-07  2.94E-08  7.666667E-09  4.80E-09  1.000000E-35  0.00E+00
  1.305000E+04  2.903333E-07  2.96E-08  1.300000E-08  6.24E-09  1.000000E-35  0.00E+00
  1.335000E+04  3.120000E-07  3.07E-08  2.566667E-08  8.77E-09  1.000000E-35  0.00E+00
  1.365000E+04  3.110000E-07  3.06E-08  1.266667E-08  6.16E-09  1.000000E-35  0.00E+00
  1.395000E+04  3.183333E-07  3.10E-08  1.100000E-08  5.74E-09  1.000000E-35  0.00E+00
  1.425000E+04  3.266667E-07  3.14E-08  1.000000E-08  5.48E-09  1.000000E-35  0.00E+00
  1.455000E+04  3.406667E-07  3.20E-08  9.666667E-09  5.39E-09  1.000000E-35  0.00E+00
  1.485000E+04  3.313333E-07  3.16E-08  7.333333E-09  4.69E-09  1.000000E-35  0.00E+00
  1.515000E+04  3.476667E-07  3.23E-08  9.666667E-09  5.39E-09  1.000000E-35  0.00E+00
  1.545000E+04  3.730000E-07  3.34E-08  1.066667E-08  5.66E-09  1.000000E-35  0.00E+00
  1.575000E+04  3.993333E-07  3.46E-08  1.000000E-08  5.48E-09  1.000000E-35  0.00E+00
  1.605000E+04  4.106667E-07  3.51E-08  5.333333E-09  4.00E-09  1.000000E-35  0.00E+00
  1.635000E+04  4.466667E-07  3.66E-08  8.333333E-09  5.00E-09  1.000000E-35  0.00E+00
  1.665000E+04  4.436667E-07  3.65E-08  5.666667E-09  4.12E-09  1.000000E-35  0.00E+00
  1.695000E+04  4.770000E-07  3.78E-08  7.000000E-09  4.58E-09  1.000000E-35  0.00E+00
  1.725000E+04  5.033333E-07  3.89E-08  7.666667E-09  4.80E-09  1.000000E-35  0.00E+00
  1.755000E+04  5.540000E-07  4.08E-08  6.333333E-09  4.36E-09  1.000000E-35  0.00E+00
  1.785000E+04  6.003333E-07  4.24E-08  6.333333E-09  4.36E-09  1.000000E-35  0.00E+00
  1.815000E+04  6.393333E-07  4.38E-08  4.666667E-09  3.74E-09  1.000000E-35  0.00E+00
  1.845000E+04  6.650000E-07  4.47E-08  5.333333E-09  4.00E-09  1.000000E-35  0.00E+00
  1.875000E+04  7.390000E-07  4.71E-08  9.333333E-09  5.29E-09  1.000000E-35  0.00E+00
  1.905000E+04  7.533333E-07  4.75E-08  5.333333E-09  4.00E-09  1.000000E-35  0.00E+00
  1.935000E+04  8.300000E-07  4.99E-08  7.666667E-09  4.80E-09  1.000000E-35  0.00E+00
  1.965000E+04  9.240000E-07  5.26E-08  4.333333E-09  3.61E-09  1.000000E-35  0.00E+00
  1.995000E+04  9.983333E-07  5.47E-08  4.666667E-09  3.74E-09  1.000000E-35  0.00E+00
  2.025000E+04  1.117667E-06  5.79E-08  5.000000E-09  3.87E-09  1.000000E-35  0.00E+00
  2.055000E+04  1.190667E-06  5.98E-08  5.000000E-09  3.87E-09  1.000000E-35  0.00E+00
  2.085000E+04  1.289333E-06  6.22E-08  6.333333E-09  4.36E-09  1.000000E-35  0.00E+00
  2.115000E+04  1.456000E-06  6.61E-08  4.333333E-09  3.61E-09  1.000000E-35  0.00E+00
  2.145000E+04  1.523000E-06  6.76E-08  5.666667E-09  4.12E-09  1.000000E-35  0.00E+00
  2.175000E+04  1.663333E-06  7.06E-08  3.000000E-09  3.00E-09  1.000000E-35  0.00E+00
  2.205000E+04  1.820000E-06  7.39E-08  4.666667E-09  3.74E-09  1.000000E-35  0.00E+00
  2.235000E+04  2.026333E-06  7.79E-08  8.000000E-09  4.90E-09  1.000000E-35  0.00E+00
  2.265000E+04  2.183000E-06  8.09E-08  5.666667E-09  4.12E-09  1.000000E-35  0.00E+00
  2.295000E+04  2.427333E-06  8.53E-08  5.666667E-09  4.12E-09  1.000000E-35  0.00E+00
  2.325000E+04  2.660667E-06  8.93E-08  4.333333E-09  3.61E-09  1.000000E-35  0.00E+00
  2.355000E+04  2.956333E-06  9.41E-08  4.666667E-09  3.74E-09  1.000000E-35  0.00E+00
  2.385000E+04  3.237000E-06  9.85E-08  5.000000E-09  3.87E-09  1.000000E-35  0.00E+00
  2.415000E+04  3.617333E-06  1.04E-07  4.000000E-09  3.46E-09  1.000000E-35  0.00E+00
  2.445000E+04  4.019333E-06  1.10E-07  6.333333E-09  4.36E-09  1.000000E-35  0.00E+00
  2.475000E+04  4.496333E-06  1.16E-07  7.000000E-09  4.58E-09  1.000000E-35  0.00E+00
  2.505000E+04  5.089333E-06  1.23E-07  5.000000E-09  3.87E-09  1.000000E-35  0.00E+00
  2.535000E+04  5.880333E-06  1.33E-07  5.000000E-09  3.87E-09  1.000000E-35  0.00E+00
  2.565000E+04  6.627000E-06  1.41E-07  3.000000E-09  3.00E-09  1.000000E-35  0.00E+00
  2.595000E+04  7.773667E-06  1.53E-07  6.000000E-09  4.24E-09  1.000000E-35  0.00E+00
  2.625000E+04  9.176000E-06  1.66E-07  4.333333E-09  3.61E-09  1.000000E-35  0.00E+00
  2.655000E+04  1.077733E-05  1.80E-07  3.666667E-09  3.32E-09  1.000000E-35  0.00E+00
  2.685000E+04  1.314800E-05  1.98E-07  5.000000E-09  3.87E-09  1.000000E-35  0.00E+00
  2.715000E+04  1.602300E-05  2.19E-07  4.000000E-09  3.46E-09  1.000000E-35  0.00E+00
  2.745000E+04  1.974267E-05  2.43E-07  4.666667E-09  3.74E-09  1.000000E-35  0.00E+00
  2.775000E+04  2.452833E-05  2.70E-07  3.333333E-09  3.16E-09  1.000000E-35  0.00E+00
  2.805000E+04  3.053633E-05  3.01E-07  4.000000E-09  3.46E-09  1.000000E-35  0.00E+00
  2.835000E+04  3.750900E-05  3.34E-07  3.333333E-09  3.16E-09  1.000000E-35  0.00E+00
  2.865000E+04  4.581600E-05  3.68E-07  4.666667E-09  3.74E-09  1.000000E-35  0.00E+00
  2.895000E+04  5.424033E-05  4.00E-07  6.666667E-10  1.41E-09  1.000000E-35  0.00E+00
  2.925000E+04  6.080200E-05  4.23E-07  1.000000E-09  1.73E-09  1.000000E-35  0.00E+00
  2.955000E+04  6.451367E-05  4.36E-07  3.000000E-09  3.00E-09  1.000000E-35  0.00E+00
  2.985000E+04  8.613267E-05  5.02E-07  1.666667E-09  2.24E-09  1.000000E-35  0.00E+00
