 #  Results from PENMAIN.
 #  Angular distributions of emerging particles.
 #  1st column: THETA (deg).
 #  2nd and 3rd columns: PDF and STU for electrons.
 #  4th and 5th columns: PDF and STU for photons.
 #  6th and 7th columns: PDF and STU for positrons
 #  PDFs and STUs in units of 1/(sr*primary_particle).
  1.000000E+00  7.107686E-01  1.29E-02  2.612640E-04  2.48E-04  1.000000E-35  0.00E+00
  3.000000E+00  6.953403E-01  7.35E-03  1.916714E-04  1.23E-04  1.000000E-35  0.00E+00
  5.000000E+00  6.813860E-01  5.63E-03  2.092661E-04  9.93E-05  1.000000E-35  0.00E+00
  7.000000E+00  6.645345E-01  4.69E-03  2.431945E-04  9.05E-05  1.000000E-35  0.00E+00
  9.000000E+00  6.369094E-01  4.04E-03  2.419248E-04  7.97E-05  1.000000E-35  0.00E+00
  1.100000E+01  6.109188E-01  3.58E-03  2.055107E-04  6.65E-05  1.000000E-35  0.00E+00
  1.300000E+01  5.782452E-01  3.20E-03  2.108046E-04  6.20E-05  1.000000E-35  0.00E+00
  1.500000E+01  5.444494E-01  2.89E-03  1.796961E-04  5.34E-05  1.000000E-35  0.00E+00
  1.700000E+01  5.080221E-01  2.63E-03  2.276944E-04  5.65E-05  1.000000E-35  0.00E+00
  1.900000E+01  4.718013E-01  2.40E-03  2.226845E-04  5.30E-05  1.000000E-35  0.00E+00
  2.100000E+01  4.381989E-01  2.20E-03  2.697376E-04  5.56E-05  1.000000E-35  0.00E+00
  2.300000E+01  4.046442E-01  2.03E-03  2.053854E-04  4.64E-05  1.000000E-35  0.00E+00
  2.500000E+01  3.718798E-01  1.87E-03  2.373609E-04  4.80E-05  1.000000E-35  0.00E+00
  2.700000E+01  3.412112E-01  1.73E-03  2.189498E-04  4.45E-05  1.000000E-35  0.00E+00
  2.900000E+01  3.130141E-01  1.60E-03  2.163174E-04  4.28E-05  1.000000E-35  0.00E+00
  3.100000E+01  2.873221E-01  1.49E-03  2.239835E-04  4.22E-05  1.000000E-35  0.00E+00
  3.300000E+01  2.633192E-01  1.39E-03  2.059497E-04  3.94E-05  1.000000E-35  0.00E+00
  3.500000E+01  2.399831E-01  1.29E-03  2.146383E-04  3.92E-05  1.000000E-35  0.00E+00
  3.700000E+01  2.206513E-01  1.21E-03  2.091129E-04  3.78E-05  1.000000E-35  0.00E+00
  3.900000E+01  2.023977E-01  1.13E-03  2.383740E-04  3.94E-05  1.000000E-35  0.00E+00
  4.100000E+01  1.856744E-01  1.06E-03  2.098934E-04  3.62E-05  1.000000E-35  0.00E+00
  4.300000E+01  1.700566E-01  9.99E-04  2.212990E-04  3.65E-05  1.000000E-35  0.00E+00
  4.500000E+01  1.552799E-01  9.38E-04  1.998994E-04  3.41E-05  1.000000E-35  0.00E+00
  4.700000E+01  1.424876E-01  8.85E-04  2.082350E-04  3.42E-05  1.000000E-35  0.00E+00
  4.900000E+01  1.301327E-01  8.33E-04  2.017908E-04  3.31E-05  1.000000E-35  0.00E+00
  5.100000E+01  1.195041E-01  7.87E-04  2.165003E-04  3.38E-05  1.000000E-35  0.00E+00
  5.300000E+01  1.093077E-01  7.43E-04  2.180969E-04  3.35E-05  1.000000E-35  0.00E+00
  5.500000E+01  9.998941E-02  7.02E-04  2.098513E-04  3.24E-05  1.000000E-35  0.00E+00
  5.700000E+01  9.170850E-02  6.65E-04  2.049674E-04  3.17E-05  1.000000E-35  0.00E+00
  5.900000E+01  8.319933E-02  6.27E-04  1.872457E-04  2.99E-05  1.000000E-35  0.00E+00
  6.100000E+01  7.474514E-02  5.88E-04  1.814240E-04  2.92E-05  1.000000E-35  0.00E+00
  6.300000E+01  6.757956E-02  5.55E-04  1.975337E-04  3.02E-05  1.000000E-35  0.00E+00
  6.500000E+01  6.076358E-02  5.22E-04  2.047640E-04  3.04E-05  1.000000E-35  0.00E+00
  6.700000E+01  5.396994E-02  4.88E-04  1.773339E-04  2.81E-05  1.000000E-35  0.00E+00
  6.900000E+01  4.724618E-02  4.54E-04  1.689893E-04  2.73E-05  1.000000E-35  0.00E+00
  7.100000E+01  4.115836E-02  4.21E-04  1.895210E-04  2.87E-05  1.000000E-35  0.00E+00
  7.300000E+01  3.525859E-02  3.88E-04  1.625896E-04  2.64E-05  1.000000E-35  0.00E+00
  7.500000E+01  2.967705E-02  3.54E-04  1.774920E-04  2.75E-05  1.000000E-35  0.00E+00
  7.700000E+01  2.474912E-02  3.22E-04  1.825053E-04  2.77E-05  1.000000E-35  0.00E+00
  7.900000E+01  1.957461E-02  2.86E-04  1.435313E-04  2.45E-05  1.000000E-35  0.00E+00
  8.100000E+01  1.485274E-02  2.48E-04  1.306476E-04  2.33E-05  1.000000E-35  0.00E+00
  8.300000E+01  1.060416E-02  2.09E-04  1.185233E-04  2.21E-05  1.000000E-35  0.00E+00
  8.500000E+01  6.634967E-03  1.65E-04  1.153430E-04  2.18E-05  1.000000E-35  0.00E+00
  8.700000E+01  3.269671E-03  1.16E-04  8.583971E-05  1.88E-05  1.000000E-35  0.00E+00
  8.900000E+01  7.661437E-04  5.61E-05  4.195549E-05  1.31E-05  1.000000E-35  0.00E+00
  9.100000E+01  3.940168E-04  4.02E-05  4.241153E-05  1.32E-05  1.000000E-35  0.00E+00
  9.300000E+01  1.625475E-03  8.17E-05  8.446993E-05  1.86E-05  1.000000E-35  0.00E+00
  9.500000E+01  3.384309E-03  1.18E-04  1.125967E-04  2.15E-05  1.000000E-35  0.00E+00
  9.700000E+01  5.370760E-03  1.49E-04  1.300081E-04  2.32E-05  1.000000E-35  0.00E+00
  9.900000E+01  7.540627E-03  1.77E-04  1.417272E-04  2.43E-05  1.000000E-35  0.00E+00
  1.010000E+02  9.866037E-03  2.03E-04  1.388863E-04  2.42E-05  1.000000E-35  0.00E+00
  1.030000E+02  1.202944E-02  2.25E-04  1.516198E-04  2.53E-05  1.000000E-35  0.00E+00
  1.050000E+02  1.460250E-02  2.49E-04  1.538894E-04  2.56E-05  1.000000E-35  0.00E+00
  1.070000E+02  1.710338E-02  2.71E-04  1.401799E-04  2.45E-05  1.000000E-35  0.00E+00
  1.090000E+02  1.950427E-02  2.91E-04  1.760182E-04  2.76E-05  1.000000E-35  0.00E+00
  1.110000E+02  2.181281E-02  3.09E-04  1.626400E-04  2.67E-05  1.000000E-35  0.00E+00
  1.130000E+02  2.443988E-02  3.29E-04  1.604921E-04  2.67E-05  1.000000E-35  0.00E+00
  1.150000E+02  2.654586E-02  3.46E-04  1.690435E-04  2.77E-05  1.000000E-35  0.00E+00
  1.170000E+02  2.869715E-02  3.63E-04  1.673407E-04  2.78E-05  1.000000E-35  0.00E+00
  1.190000E+02  3.090100E-02  3.80E-04  1.835094E-04  2.94E-05  1.000000E-35  0.00E+00
  1.210000E+02  3.257118E-02  3.94E-04  1.723512E-04  2.87E-05  1.000000E-35  0.00E+00
  1.230000E+02  3.391422E-02  4.06E-04  1.957248E-04  3.09E-05  1.000000E-35  0.00E+00
  1.250000E+02  3.594747E-02  4.23E-04  1.864726E-04  3.06E-05  1.000000E-35  0.00E+00
  1.270000E+02  3.739563E-02  4.37E-04  1.729931E-04  2.98E-05  1.000000E-35  0.00E+00
  1.290000E+02  3.834814E-02  4.49E-04  1.713228E-04  3.01E-05  1.000000E-35  0.00E+00
  1.310000E+02  3.970083E-02  4.63E-04  1.570827E-04  2.92E-05  1.000000E-35  0.00E+00
  1.330000E+02  4.069998E-02  4.77E-04  1.864140E-04  3.23E-05  1.000000E-35  0.00E+00
  1.350000E+02  4.135338E-02  4.89E-04  1.973201E-04  3.38E-05  1.000000E-35  0.00E+00
  1.370000E+02  4.209228E-02  5.02E-04  1.678128E-04  3.18E-05  1.000000E-35  0.00E+00
  1.390000E+02  4.239430E-02  5.14E-04  1.661077E-04  3.22E-05  1.000000E-35  0.00E+00
  1.410000E+02  4.316526E-02  5.29E-04  1.782371E-04  3.41E-05  1.000000E-35  0.00E+00
  1.430000E+02  4.359929E-02  5.44E-04  2.075976E-04  3.76E-05  1.000000E-35  0.00E+00
  1.450000E+02  4.362484E-02  5.58E-04  2.066888E-04  3.85E-05  1.000000E-35  0.00E+00
  1.470000E+02  4.390245E-02  5.74E-04  1.816711E-04  3.70E-05  1.000000E-35  0.00E+00
  1.490000E+02  4.402117E-02  5.91E-04  1.761767E-04  3.75E-05  1.000000E-35  0.00E+00
  1.510000E+02  4.412593E-02  6.10E-04  1.636488E-04  3.72E-05  1.000000E-35  0.00E+00
  1.530000E+02  4.419672E-02  6.31E-04  1.586884E-04  3.79E-05  1.000000E-35  0.00E+00
  1.550000E+02  4.414374E-02  6.54E-04  1.758629E-04  4.13E-05  1.000000E-35  0.00E+00
  1.570000E+02  4.422904E-02  6.81E-04  1.797122E-04  4.34E-05  1.000000E-35  0.00E+00
  1.590000E+02  4.437057E-02  7.12E-04  1.743116E-04  4.47E-05  1.000000E-35  0.00E+00
  1.610000E+02  4.360695E-02  7.41E-04  1.792680E-04  4.75E-05  1.000000E-35  0.00E+00
  1.630000E+02  4.377815E-02  7.83E-04  1.887056E-04  5.15E-05  1.000000E-35  0.00E+00
  1.650000E+02  4.369435E-02  8.32E-04  1.708875E-04  5.21E-05  1.000000E-35  0.00E+00
  1.670000E+02  4.373993E-02  8.93E-04  2.006698E-04  6.05E-05  1.000000E-35  0.00E+00
  1.690000E+02  4.427322E-02  9.75E-04  2.102900E-04  6.73E-05  1.000000E-35  0.00E+00
  1.710000E+02  4.415857E-02  1.08E-03  1.340788E-04  5.93E-05  1.000000E-35  0.00E+00
  1.730000E+02  4.374133E-02  1.21E-03  1.795898E-04  7.78E-05  1.000000E-35  0.00E+00
  1.750000E+02  4.364244E-02  1.43E-03  1.464862E-04  8.30E-05  1.000000E-35  0.00E+00
  1.770000E+02  4.431966E-02  1.86E-03  1.829591E-04  1.20E-04  1.000000E-35  0.00E+00
  1.790000E+02  4.376172E-02  3.21E-03  7.837920E-05  1.36E-04  1.000000E-35  0.00E+00
