   10000000.000000000        1735.3282899856567     
Homogeneous Au cylinder.                                         
  1510880752  1768159162
           0   0.0000000000000000     
           1
           1
   0.0000000000000000        0.0000000000000000     
   0.0000000000000000        0.0000000000000000     
   10000000.000000000        0.0000000000000000     
   2131.0000000000000        4348567.0000000000        5649302.0000000000     
   2131.0000000000000        4348567.0000000000        5649302.0000000000     
   146.00000000000000        204719.00000000000        20868323.000000000        3494.0000000000000        7531.0000000000000        14246.000000000000        0.0000000000000000        0.0000000000000000        0.0000000000000000     
   162.00000000000000        223187.00000000000        74610355.000000000        3494.0000000000000        7533.0000000000000        14266.000000000000        0.0000000000000000        0.0000000000000000        0.0000000000000000     
   1578.7067471728074       -3042402.3087777533     
   1261.6546242857628        2341195.5686524971     
   1442.9311262948590        10446911.335671168     
   1197.1734029780466        25573832.537974324     
   3914729.1511310614        16887493543.565346     
   8524168604.8257141        70557152997704.641     
           1
   32944872650.409336     
   150612595704541.28     
         100   0.0000000000000000        5000.0000000000000        50.000000050000011        1.9999999979999995E-002           0
   0.0000000000000000        0.0000000000000000        2.0000000000000000        3.0000000000000000        26.000000000000000        31.000000000000000        42.000000000000000        20.000000000000000        16.000000000000000        26.000000000000000        24.000000000000000        23.000000000000000        23.000000000000000        33.000000000000000        40.000000000000000        28.000000000000000        28.000000000000000        33.000000000000000        36.000000000000000        37.000000000000000        33.000000000000000        37.000000000000000        36.000000000000000        29.000000000000000        44.000000000000000        38.000000000000000        44.000000000000000        48.000000000000000        41.000000000000000        39.000000000000000        39.000000000000000        54.000000000000000        50.000000000000000        62.000000000000000        57.000000000000000        57.000000000000000        48.000000000000000        49.000000000000000        49.000000000000000        57.000000000000000        50.000000000000000        38.000000000000000        49.000000000000000        52.000000000000000        34.000000000000000        38.000000000000000        39.000000000000000        42.000000000000000        42.000000000000000        35.000000000000000        35.000000000000000        31.000000000000000        32.000000000000000        38.000000000000000        35.000000000000000        31.000000000000000        30.000000000000000        28.000000000000000        21.000000000000000        21.000000000000000        22.000000000000000        26.000000000000000        32.000000000000000        11.000000000000000        12.000000000000000        18.000000000000000        7.0000000000000000        12.000000000000000        9.0000000000000000        4.0000000000000000        5.0000000000000000        5.0000000000000000        2.0000000000000000        3.0000000000000000        4.0000000000000000        1.0000000000000000        1.0000000000000000        0.0000000000000000        0.0000000000000000        0.0000000000000000        0.0000000000000000        0.0000000000000000        0.0000000000000000        0.0000000000000000        0.0000000000000000        0.0000000000000000        0.0000000000000000        0.0000000000000000        0.0000000000000000        0.0000000000000000        0.0000000000000000        0.0000000000000000        0.0000000000000000        0.0000000000000000        0.0000000000000000        0.0000000000000000        0.0000000000000000        0.0000000000000000        0.0000000000000000        0.0000000000000000        9.0000000000000000        105.00000000000000        765.00000000000000        4401.0000000000000        26660.000000000000        21328.000000000000        18454.000000000000        16175.000000000000        14759.000000000000        13734.000000000000        13143.000000000000        12250.000000000000        11994.000000000000        11801.000000000000        11568.000000000000        11163.000000000000        11350.000000000000        11228.000000000000        11539.000000000000        11622.000000000000        11739.000000000000        12046.000000000000        12237.000000000000        12866.000000000000        12966.000000000000        13269.000000000000        13692.000000000000        13816.000000000000        14322.000000000000        14557.000000000000        15212.000000000000        15204.000000000000        15729.000000000000        16090.000000000000        16705.000000000000        17326.000000000000        17369.000000000000        18191.000000000000        18596.000000000000        18988.000000000000        19748.000000000000        19962.000000000000        20705.000000000000        20929.000000000000        21563.000000000000        22174.000000000000        22812.000000000000        23623.000000000000        24554.000000000000        24987.000000000000        25799.000000000000        26924.000000000000        27445.000000000000        28988.000000000000        29596.000000000000        30472.000000000000        31570.000000000000        32601.000000000000        33807.000000000000        34504.000000000000        35916.000000000000        36958.000000000000        38130.000000000000        39236.000000000000        40986.000000000000        42084.000000000000        43331.000000000000        45018.000000000000        46826.000000000000        47725.000000000000        49561.000000000000        51373.000000000000        52995.000000000000        55158.000000000000        56764.000000000000        58457.000000000000        60702.000000000000        62342.000000000000        64815.000000000000        67047.000000000000        69842.000000000000        72324.000000000000        74864.000000000000        77710.000000000000        80844.000000000000        84485.000000000000        87981.000000000000        92024.000000000000        95635.000000000000        100312.00000000000        105384.00000000000        110385.00000000000        117403.00000000000        123040.00000000000        130838.00000000000        141110.00000000000        152183.00000000000        173327.00000000000        192499.00000000000        417941.00000000000        0.0000000000000000        27.000000000000000        155.00000000000000        91.000000000000000        39.000000000000000        28.000000000000000        17.000000000000000        1.0000000000000000        6.0000000000000000        11.000000000000000        27.000000000000000        20.000000000000000        18.000000000000000        19.000000000000000        19.000000000000000        26.000000000000000        19.000000000000000        23.000000000000000        26.000000000000000        28.000000000000000        33.000000000000000        38.000000000000000        45.000000000000000        26.000000000000000        42.000000000000000        30.000000000000000        49.000000000000000        33.000000000000000        43.000000000000000        44.000000000000000        29.000000000000000        26.000000000000000        30.000000000000000        105.00000000000000        45.000000000000000        41.000000000000000        34.000000000000000        26.000000000000000        36.000000000000000        37.000000000000000        27.000000000000000        34.000000000000000        892.00000000000000        48.000000000000000        552.00000000000000        18.000000000000000        26.000000000000000        28.000000000000000        16.000000000000000        15.000000000000000        14.000000000000000        21.000000000000000        18.000000000000000        17.000000000000000        25.000000000000000        23.000000000000000        13.000000000000000        11.000000000000000        15.000000000000000        13.000000000000000        7.0000000000000000        12.000000000000000        8.0000000000000000        11.000000000000000        12.000000000000000        7.0000000000000000        10.000000000000000        9.0000000000000000        11.000000000000000        9.0000000000000000        11.000000000000000        11.000000000000000        7.0000000000000000        7.0000000000000000        15.000000000000000        10.000000000000000        13.000000000000000        11.000000000000000        9.0000000000000000        5.0000000000000000        6.0000000000000000        7.0000000000000000        6.0000000000000000        8.0000000000000000        9.0000000000000000        4.0000000000000000        4.0000000000000000        2.0000000000000000        7.0000000000000000        6.0000000000000000        1.0000000000000000        3.0000000000000000        3.0000000000000000        3.0000000000000000        5.0000000000000000        1.0000000000000000        3.0000000000000000        0.0000000000000000        3.0000000000000000        0.0000000000000000        0.0000000000000000        354.00000000000000        492.00000000000000        307.00000000000000        337.00000000000000        248.00000000000000        117.00000000000000        107.00000000000000        135.00000000000000        97.000000000000000        98.000000000000000        86.000000000000000        89.000000000000000        82.000000000000000        119.00000000000000        85.000000000000000        81.000000000000000        82.000000000000000        78.000000000000000        77.000000000000000        72.000000000000000        65.000000000000000        68.000000000000000        80.000000000000000        75.000000000000000        68.000000000000000        71.000000000000000        51.000000000000000        44.000000000000000        69.000000000000000        60.000000000000000        47.000000000000000        46.000000000000000        179.00000000000000        64.000000000000000        65.000000000000000        58.000000000000000        49.000000000000000        48.000000000000000        57.000000000000000        55.000000000000000        39.000000000000000        1270.0000000000000        59.000000000000000        741.00000000000000        24.000000000000000        24.000000000000000        71.000000000000000        36.000000000000000        21.000000000000000        19.000000000000000        35.000000000000000        32.000000000000000        27.000000000000000        30.000000000000000        36.000000000000000        38.000000000000000        22.000000000000000        24.000000000000000        21.000000000000000        21.000000000000000        20.000000000000000        33.000000000000000        14.000000000000000        22.000000000000000        25.000000000000000        21.000000000000000        14.000000000000000        18.000000000000000        17.000000000000000        13.000000000000000        23.000000000000000        21.000000000000000        18.000000000000000        13.000000000000000        9.0000000000000000        12.000000000000000        20.000000000000000        15.000000000000000        17.000000000000000        5.0000000000000000        14.000000000000000        12.000000000000000        6.0000000000000000        13.000000000000000        6.0000000000000000        11.000000000000000        6.0000000000000000        13.000000000000000        10.000000000000000        2.0000000000000000        2.0000000000000000        7.0000000000000000        3.0000000000000000        6.0000000000000000        5.0000000000000000        4.0000000000000000        2.0000000000000000        5.0000000000000000        2.0000000000000000        0.0000000000000000        0.0000000000000000        0.0000000000000000        0.0000000000000000        0.0000000000000000        0.0000000000000000        0.0000000000000000        0.0000000000000000        0.0000000000000000        0.0000000000000000        0.0000000000000000        0.0000000000000000        0.0000000000000000        0.0000000000000000        0.0000000000000000        0.0000000000000000        0.0000000000000000        0.0000000000000000        0.0000000000000000        0.0000000000000000        0.0000000000000000        0.0000000000000000        0.0000000000000000        0.0000000000000000        0.0000000000000000        0.0000000000000000        0.0000000000000000        0.0000000000000000        0.0000000000000000        0.0000000000000000        0.0000000000000000        0.0000000000000000        0.0000000000000000        0.0000000000000000        0.0000000000000000        0.0000000000000000        0.0000000000000000        0.0000000000000000        0.0000000000000000        0.0000000000000000        0.0000000000000000        0.0000000000000000        0.0000000000000000        0.0000000000000000        0.0000000000000000        0.0000000000000000        0.0000000000000000        0.0000000000000000        0.0000000000000000        0.0000000000000000        0.0000000000000000        0.0000000000000000        0.0000000000000000        0.0000000000000000        0.0000000000000000        0.0000000000000000        0.0000000000000000        0.0000000000000000        0.0000000000000000        0.0000000000000000        0.0000000000000000        0.0000000000000000        0.0000000000000000        0.0000000000000000        0.0000000000000000        0.0000000000000000        0.0000000000000000        0.0000000000000000        0.0000000000000000        0.0000000000000000        0.0000000000000000        0.0000000000000000        0.0000000000000000        0.0000000000000000        0.0000000000000000        0.0000000000000000        0.0000000000000000        0.0000000000000000        0.0000000000000000        0.0000000000000000        0.0000000000000000        0.0000000000000000        0.0000000000000000        0.0000000000000000        0.0000000000000000        0.0000000000000000        0.0000000000000000        0.0000000000000000        0.0000000000000000        0.0000000000000000        0.0000000000000000        0.0000000000000000        0.0000000000000000        0.0000000000000000        0.0000000000000000        0.0000000000000000        0.0000000000000000        0.0000000000000000        0.0000000000000000        0.0000000000000000        0.0000000000000000        0.0000000000000000        0.0000000000000000        0.0000000000000000        0.0000000000000000        0.0000000000000000        0.0000000000000000        0.0000000000000000        0.0000000000000000        0.0000000000000000        0.0000000000000000        0.0000000000000000        0.0000000000000000        0.0000000000000000        0.0000000000000000        0.0000000000000000        0.0000000000000000        0.0000000000000000        0.0000000000000000        0.0000000000000000        0.0000000000000000        0.0000000000000000        0.0000000000000000        0.0000000000000000        0.0000000000000000        0.0000000000000000        0.0000000000000000        0.0000000000000000        0.0000000000000000        0.0000000000000000        0.0000000000000000        0.0000000000000000        0.0000000000000000        0.0000000000000000        0.0000000000000000        0.0000000000000000        0.0000000000000000        0.0000000000000000        0.0000000000000000        0.0000000000000000        0.0000000000000000        0.0000000000000000        0.0000000000000000        0.0000000000000000        0.0000000000000000        0.0000000000000000        0.0000000000000000        0.0000000000000000        0.0000000000000000        0.0000000000000000        0.0000000000000000        0.0000000000000000        0.0000000000000000        0.0000000000000000        0.0000000000000000        0.0000000000000000        0.0000000000000000        0.0000000000000000        0.0000000000000000        0.0000000000000000        0.0000000000000000        0.0000000000000000        0.0000000000000000        0.0000000000000000        0.0000000000000000        0.0000000000000000        0.0000000000000000        0.0000000000000000        0.0000000000000000        0.0000000000000000        0.0000000000000000        0.0000000000000000        0.0000000000000000        0.0000000000000000        0.0000000000000000        0.0000000000000000        0.0000000000000000        0.0000000000000000        0.0000000000000000        0.0000000000000000        0.0000000000000000        0.0000000000000000        0.0000000000000000        0.0000000000000000        0.0000000000000000        0.0000000000000000        0.0000000000000000        0.0000000000000000        0.0000000000000000        0.0000000000000000        0.0000000000000000        0.0000000000000000        0.0000000000000000        0.0000000000000000        0.0000000000000000        0.0000000000000000        0.0000000000000000        0.0000000000000000        0.0000000000000000        0.0000000000000000     
   0.0000000000000000        0.0000000000000000        2.0000000000000000        3.0000000000000000        26.000000000000000        33.000000000000000        44.000000000000000        22.000000000000000        16.000000000000000        26.000000000000000        24.000000000000000        23.000000000000000        23.000000000000000        33.000000000000000        40.000000000000000        28.000000000000000        28.000000000000000        33.000000000000000        36.000000000000000        37.000000000000000        33.000000000000000        37.000000000000000        36.000000000000000        29.000000000000000        44.000000000000000        38.000000000000000        44.000000000000000        48.000000000000000        41.000000000000000        39.000000000000000        39.000000000000000        54.000000000000000        50.000000000000000        62.000000000000000        57.000000000000000        57.000000000000000        48.000000000000000        49.000000000000000        49.000000000000000        57.000000000000000        50.000000000000000        38.000000000000000        49.000000000000000        52.000000000000000        34.000000000000000        38.000000000000000        39.000000000000000        42.000000000000000        42.000000000000000        35.000000000000000        35.000000000000000        31.000000000000000        32.000000000000000        38.000000000000000        35.000000000000000        31.000000000000000        30.000000000000000        28.000000000000000        21.000000000000000        21.000000000000000        22.000000000000000        26.000000000000000        32.000000000000000        11.000000000000000        12.000000000000000        18.000000000000000        7.0000000000000000        12.000000000000000        9.0000000000000000        4.0000000000000000        5.0000000000000000        5.0000000000000000        2.0000000000000000        3.0000000000000000        4.0000000000000000        1.0000000000000000        1.0000000000000000        0.0000000000000000        0.0000000000000000        0.0000000000000000        0.0000000000000000        0.0000000000000000        0.0000000000000000        0.0000000000000000        0.0000000000000000        0.0000000000000000        0.0000000000000000        0.0000000000000000        0.0000000000000000        0.0000000000000000        0.0000000000000000        0.0000000000000000        0.0000000000000000        0.0000000000000000        0.0000000000000000        0.0000000000000000        0.0000000000000000        0.0000000000000000        0.0000000000000000        0.0000000000000000        9.0000000000000000        105.00000000000000        765.00000000000000        4405.0000000000000        27086.000000000000        21598.000000000000        18644.000000000000        16339.000000000000        14871.000000000000        13818.000000000000        13241.000000000000        12312.000000000000        12064.000000000000        11851.000000000000        11650.000000000000        11211.000000000000        11386.000000000000        11282.000000000000        11585.000000000000        11658.000000000000        11787.000000000000        12090.000000000000        12279.000000000000        12892.000000000000        13006.000000000000        13307.000000000000        13738.000000000000        13852.000000000000        14360.000000000000        14599.000000000000        15270.000000000000        15242.000000000000        15763.000000000000        16114.000000000000        16733.000000000000        17360.000000000000        17393.000000000000        18223.000000000000        18630.000000000000        19018.000000000000        19782.000000000000        19978.000000000000        20723.000000000000        20945.000000000000        21579.000000000000        22186.000000000000        22830.000000000000        23627.000000000000        24562.000000000000        24991.000000000000        25799.000000000000        26924.000000000000        27445.000000000000        28988.000000000000        29596.000000000000        30472.000000000000        31570.000000000000        32601.000000000000        33807.000000000000        34504.000000000000        35916.000000000000        36958.000000000000        38130.000000000000        39236.000000000000        40986.000000000000        42084.000000000000        43331.000000000000        45018.000000000000        46826.000000000000        47725.000000000000        49561.000000000000        51373.000000000000        52995.000000000000        55158.000000000000        56764.000000000000        58457.000000000000        60702.000000000000        62342.000000000000        64815.000000000000        67047.000000000000        69842.000000000000        72324.000000000000        74864.000000000000        77710.000000000000        80844.000000000000        84485.000000000000        87981.000000000000        92024.000000000000        95635.000000000000        100312.00000000000        105384.00000000000        110385.00000000000        117403.00000000000        123040.00000000000        130838.00000000000        141110.00000000000        152183.00000000000        173327.00000000000        192499.00000000000        417941.00000000000        0.0000000000000000        27.000000000000000        155.00000000000000        91.000000000000000        39.000000000000000        28.000000000000000        17.000000000000000        1.0000000000000000        6.0000000000000000        11.000000000000000        27.000000000000000        20.000000000000000        18.000000000000000        19.000000000000000        19.000000000000000        26.000000000000000        19.000000000000000        23.000000000000000        26.000000000000000        28.000000000000000        33.000000000000000        38.000000000000000        45.000000000000000        26.000000000000000        42.000000000000000        30.000000000000000        49.000000000000000        33.000000000000000        43.000000000000000        44.000000000000000        29.000000000000000        26.000000000000000        30.000000000000000        105.00000000000000        45.000000000000000        41.000000000000000        34.000000000000000        26.000000000000000        36.000000000000000        37.000000000000000        27.000000000000000        34.000000000000000        892.00000000000000        48.000000000000000        552.00000000000000        18.000000000000000        26.000000000000000        28.000000000000000        16.000000000000000        15.000000000000000        14.000000000000000        21.000000000000000        18.000000000000000        17.000000000000000        25.000000000000000        23.000000000000000        13.000000000000000        11.000000000000000        15.000000000000000        13.000000000000000        7.0000000000000000        12.000000000000000        8.0000000000000000        11.000000000000000        12.000000000000000        7.0000000000000000        10.000000000000000        9.0000000000000000        11.000000000000000        9.0000000000000000        11.000000000000000        11.000000000000000        7.0000000000000000        7.0000000000000000        15.000000000000000        10.000000000000000        13.000000000000000        11.000000000000000        9.0000000000000000        5.0000000000000000        6.0000000000000000        7.0000000000000000        6.0000000000000000        8.0000000000000000        9.0000000000000000        4.0000000000000000        4.0000000000000000        2.0000000000000000        7.0000000000000000        6.0000000000000000        1.0000000000000000        3.0000000000000000        3.0000000000000000        3.0000000000000000        5.0000000000000000        1.0000000000000000        3.0000000000000000        0.0000000000000000        3.0000000000000000        0.0000000000000000        0.0000000000000000        354.00000000000000        492.00000000000000        307.00000000000000        337.00000000000000        248.00000000000000        117.00000000000000        107.00000000000000        135.00000000000000        97.000000000000000        98.000000000000000        86.000000000000000        89.000000000000000        82.000000000000000        119.00000000000000        85.000000000000000        81.000000000000000        82.000000000000000        78.000000000000000        77.000000000000000        72.000000000000000        65.000000000000000        68.000000000000000        80.000000000000000        75.000000000000000        68.000000000000000        71.000000000000000        51.000000000000000        44.000000000000000        69.000000000000000        60.000000000000000        47.000000000000000        46.000000000000000        179.00000000000000        64.000000000000000        65.000000000000000        58.000000000000000        49.000000000000000        48.000000000000000        57.000000000000000        55.000000000000000        39.000000000000000        1270.0000000000000        59.000000000000000        741.00000000000000        24.000000000000000        24.000000000000000        71.000000000000000        36.000000000000000        21.000000000000000        19.000000000000000        35.000000000000000        32.000000000000000        27.000000000000000        30.000000000000000        36.000000000000000        38.000000000000000        22.000000000000000        24.000000000000000        21.000000000000000        21.000000000000000        20.000000000000000        33.000000000000000        14.000000000000000        22.000000000000000        25.000000000000000        21.000000000000000        14.000000000000000        18.000000000000000        17.000000000000000        13.000000000000000        23.000000000000000        21.000000000000000        18.000000000000000        13.000000000000000        9.0000000000000000        12.000000000000000        20.000000000000000        15.000000000000000        17.000000000000000        5.0000000000000000        14.000000000000000        12.000000000000000        6.0000000000000000        13.000000000000000        6.0000000000000000        11.000000000000000        6.0000000000000000        13.000000000000000        10.000000000000000        2.0000000000000000        2.0000000000000000        7.0000000000000000        3.0000000000000000        6.0000000000000000        5.0000000000000000        4.0000000000000000        2.0000000000000000        5.0000000000000000        2.0000000000000000        0.0000000000000000        0.0000000000000000        0.0000000000000000        0.0000000000000000        0.0000000000000000        0.0000000000000000        0.0000000000000000        0.0000000000000000        0.0000000000000000        0.0000000000000000        0.0000000000000000        0.0000000000000000        0.0000000000000000        0.0000000000000000        0.0000000000000000        0.0000000000000000        0.0000000000000000        0.0000000000000000        0.0000000000000000        0.0000000000000000        0.0000000000000000        0.0000000000000000        0.0000000000000000        0.0000000000000000        0.0000000000000000        0.0000000000000000        0.0000000000000000        0.0000000000000000        0.0000000000000000        0.0000000000000000        0.0000000000000000        0.0000000000000000        0.0000000000000000        0.0000000000000000        0.0000000000000000        0.0000000000000000        0.0000000000000000        0.0000000000000000        0.0000000000000000        0.0000000000000000        0.0000000000000000        0.0000000000000000        0.0000000000000000        0.0000000000000000        0.0000000000000000        0.0000000000000000        0.0000000000000000        0.0000000000000000        0.0000000000000000        0.0000000000000000        0.0000000000000000        0.0000000000000000        0.0000000000000000        0.0000000000000000        0.0000000000000000        0.0000000000000000        0.0000000000000000        0.0000000000000000        0.0000000000000000        0.0000000000000000        0.0000000000000000        0.0000000000000000        0.0000000000000000        0.0000000000000000        0.0000000000000000        0.0000000000000000        0.0000000000000000        0.0000000000000000        0.0000000000000000        0.0000000000000000        0.0000000000000000        0.0000000000000000        0.0000000000000000        0.0000000000000000        0.0000000000000000        0.0000000000000000        0.0000000000000000        0.0000000000000000        0.0000000000000000        0.0000000000000000        0.0000000000000000        0.0000000000000000        0.0000000000000000        0.0000000000000000        0.0000000000000000        0.0000000000000000        0.0000000000000000        0.0000000000000000        0.0000000000000000        0.0000000000000000        0.0000000000000000        0.0000000000000000        0.0000000000000000        0.0000000000000000        0.0000000000000000        0.0000000000000000        0.0000000000000000        0.0000000000000000        0.0000000000000000        0.0000000000000000        0.0000000000000000        0.0000000000000000        0.0000000000000000        0.0000000000000000        0.0000000000000000        0.0000000000000000        0.0000000000000000        0.0000000000000000        0.0000000000000000        0.0000000000000000        0.0000000000000000        0.0000000000000000        0.0000000000000000        0.0000000000000000        0.0000000000000000        0.0000000000000000        0.0000000000000000        0.0000000000000000        0.0000000000000000        0.0000000000000000        0.0000000000000000        0.0000000000000000        0.0000000000000000        0.0000000000000000        0.0000000000000000        0.0000000000000000        0.0000000000000000        0.0000000000000000        0.0000000000000000        0.0000000000000000        0.0000000000000000        0.0000000000000000        0.0000000000000000        0.0000000000000000        0.0000000000000000        0.0000000000000000        0.0000000000000000        0.0000000000000000        0.0000000000000000        0.0000000000000000        0.0000000000000000        0.0000000000000000        0.0000000000000000        0.0000000000000000        0.0000000000000000        0.0000000000000000        0.0000000000000000        0.0000000000000000        0.0000000000000000        0.0000000000000000        0.0000000000000000        0.0000000000000000        0.0000000000000000        0.0000000000000000        0.0000000000000000        0.0000000000000000        0.0000000000000000        0.0000000000000000        0.0000000000000000        0.0000000000000000        0.0000000000000000        0.0000000000000000        0.0000000000000000        0.0000000000000000        0.0000000000000000        0.0000000000000000        0.0000000000000000        0.0000000000000000        0.0000000000000000        0.0000000000000000        0.0000000000000000        0.0000000000000000        0.0000000000000000        0.0000000000000000        0.0000000000000000        0.0000000000000000        0.0000000000000000        0.0000000000000000        0.0000000000000000        0.0000000000000000        0.0000000000000000        0.0000000000000000        0.0000000000000000        0.0000000000000000        0.0000000000000000        0.0000000000000000        0.0000000000000000        0.0000000000000000        0.0000000000000000        0.0000000000000000        0.0000000000000000        0.0000000000000000        0.0000000000000000        0.0000000000000000        0.0000000000000000        0.0000000000000000        0.0000000000000000        0.0000000000000000        0.0000000000000000        0.0000000000000000     
          90   0.0000000000000000        180.00000000000000        2.0000000020000002       0.49999999949999996                1   360.00000036000006        2.7777777749999994E-003           0
   4.0000000000000000        4.0000000000000000        30.000000000000000        22.000000000000000        31.000000000000000        40.000000000000000        52.000000000000000        56.000000000000000        70.000000000000000        74.000000000000000        75.000000000000000        89.000000000000000        82.000000000000000        87.000000000000000        99.000000000000000        78.000000000000000        79.000000000000000        87.000000000000000        94.000000000000000        84.000000000000000        83.000000000000000        81.000000000000000        76.000000000000000        81.000000000000000        76.000000000000000        56.000000000000000        69.000000000000000        54.000000000000000        73.000000000000000        50.000000000000000        46.000000000000000        45.000000000000000        37.000000000000000        39.000000000000000        34.000000000000000        37.000000000000000        28.000000000000000        12.000000000000000        13.000000000000000        19.000000000000000        12.000000000000000        16.000000000000000        0.0000000000000000        3.0000000000000000        0.0000000000000000        1890.0000000000000        7459.0000000000000        14584.000000000000        22794.000000000000        31691.000000000000        40384.000000000000        50451.000000000000        59852.000000000000        69441.000000000000        79567.000000000000        88766.000000000000        98377.000000000000        106780.00000000000        115554.00000000000        123909.00000000000        131781.00000000000        138331.00000000000        144151.00000000000        149751.00000000000        153732.00000000000        158061.00000000000        160912.00000000000        164174.00000000000        164889.00000000000        165239.00000000000        164733.00000000000        164417.00000000000        161733.00000000000        158778.00000000000        154950.00000000000        150706.00000000000        144348.00000000000        137399.00000000000        130046.00000000000        122088.00000000000        113130.00000000000        102547.00000000000        92293.000000000000        81669.000000000000        69673.000000000000        57975.000000000000        45432.000000000000        32700.000000000000        19533.000000000000        6616.0000000000000        2.0000000000000000        7.0000000000000000        14.000000000000000        17.000000000000000        34.000000000000000        35.000000000000000        44.000000000000000        48.000000000000000        48.000000000000000        61.000000000000000        86.000000000000000        77.000000000000000        80.000000000000000        67.000000000000000        100.00000000000000        83.000000000000000        97.000000000000000        107.00000000000000        112.00000000000000        95.000000000000000        84.000000000000000        133.00000000000000        126.00000000000000        108.00000000000000        129.00000000000000        104.00000000000000        115.00000000000000        127.00000000000000        113.00000000000000        120.00000000000000        118.00000000000000        118.00000000000000        115.00000000000000        123.00000000000000        124.00000000000000        107.00000000000000        94.000000000000000        81.000000000000000        88.000000000000000        51.000000000000000        37.000000000000000        30.000000000000000        26.000000000000000        9.0000000000000000        0.0000000000000000        48.000000000000000        105.00000000000000        154.00000000000000        171.00000000000000        186.00000000000000        190.00000000000000        229.00000000000000        233.00000000000000        228.00000000000000        243.00000000000000        256.00000000000000        248.00000000000000        247.00000000000000        269.00000000000000        224.00000000000000        251.00000000000000        239.00000000000000        253.00000000000000        285.00000000000000        226.00000000000000        240.00000000000000        215.00000000000000        210.00000000000000        237.00000000000000        206.00000000000000        224.00000000000000        193.00000000000000        183.00000000000000        198.00000000000000        165.00000000000000        155.00000000000000        141.00000000000000        124.00000000000000        110.00000000000000        123.00000000000000        109.00000000000000        90.000000000000000        71.000000000000000        55.000000000000000        50.000000000000000        53.000000000000000        45.000000000000000        25.000000000000000        20.000000000000000        4.0000000000000000        0.0000000000000000        0.0000000000000000        0.0000000000000000        0.0000000000000000        0.0000000000000000        0.0000000000000000        0.0000000000000000        0.0000000000000000        0.0000000000000000        0.0000000000000000        0.0000000000000000        0.0000000000000000        0.0000000000000000        0.0000000000000000        0.0000000000000000        0.0000000000000000        0.0000000000000000        0.0000000000000000        0.0000000000000000        0.0000000000000000        0.0000000000000000        0.0000000000000000        0.0000000000000000        0.0000000000000000        0.0000000000000000        0.0000000000000000        0.0000000000000000        0.0000000000000000        0.0000000000000000        0.0000000000000000        0.0000000000000000        0.0000000000000000        0.0000000000000000        0.0000000000000000        0.0000000000000000        0.0000000000000000        0.0000000000000000        0.0000000000000000        0.0000000000000000        0.0000000000000000        0.0000000000000000        0.0000000000000000        0.0000000000000000        0.0000000000000000        0.0000000000000000        0.0000000000000000        0.0000000000000000        0.0000000000000000        0.0000000000000000        0.0000000000000000        0.0000000000000000        0.0000000000000000        0.0000000000000000        0.0000000000000000        0.0000000000000000        0.0000000000000000        0.0000000000000000        0.0000000000000000        0.0000000000000000        0.0000000000000000        0.0000000000000000        0.0000000000000000        0.0000000000000000        0.0000000000000000        0.0000000000000000        0.0000000000000000        0.0000000000000000        0.0000000000000000        0.0000000000000000        0.0000000000000000        0.0000000000000000        0.0000000000000000        0.0000000000000000        0.0000000000000000        0.0000000000000000        0.0000000000000000        0.0000000000000000        0.0000000000000000        0.0000000000000000        0.0000000000000000        0.0000000000000000        0.0000000000000000        0.0000000000000000        0.0000000000000000        0.0000000000000000        0.0000000000000000        0.0000000000000000        0.0000000000000000        0.0000000000000000        0.0000000000000000     
   4.0000000000000000        4.0000000000000000        30.000000000000000        22.000000000000000        31.000000000000000        40.000000000000000        52.000000000000000        56.000000000000000        72.000000000000000        74.000000000000000        75.000000000000000        89.000000000000000        82.000000000000000        87.000000000000000        99.000000000000000        78.000000000000000        79.000000000000000        87.000000000000000        94.000000000000000        84.000000000000000        83.000000000000000        81.000000000000000        76.000000000000000        83.000000000000000        76.000000000000000        56.000000000000000        69.000000000000000        54.000000000000000        73.000000000000000        50.000000000000000        46.000000000000000        45.000000000000000        37.000000000000000        39.000000000000000        34.000000000000000        37.000000000000000        28.000000000000000        12.000000000000000        13.000000000000000        19.000000000000000        12.000000000000000        16.000000000000000        0.0000000000000000        3.0000000000000000        0.0000000000000000        1890.0000000000000        7469.0000000000000        14590.000000000000        22814.000000000000        31719.000000000000        40424.000000000000        50503.000000000000        59960.000000000000        69557.000000000000        79673.000000000000        88904.000000000000        98517.000000000000        106962.00000000000        115746.00000000000        124113.00000000000        132047.00000000000        138587.00000000000        144491.00000000000        150023.00000000000        154026.00000000000        158393.00000000000        161284.00000000000        164574.00000000000        165219.00000000000        165539.00000000000        165037.00000000000        164693.00000000000        161965.00000000000        159082.00000000000        155174.00000000000        150924.00000000000        144522.00000000000        137581.00000000000        130208.00000000000        122196.00000000000        113240.00000000000        102617.00000000000        92365.000000000000        81727.000000000000        69713.000000000000        57999.000000000000        45454.000000000000        32712.000000000000        19537.000000000000        6616.0000000000000        2.0000000000000000        7.0000000000000000        14.000000000000000        17.000000000000000        34.000000000000000        35.000000000000000        44.000000000000000        48.000000000000000        48.000000000000000        61.000000000000000        86.000000000000000        77.000000000000000        80.000000000000000        67.000000000000000        100.00000000000000        83.000000000000000        97.000000000000000        107.00000000000000        112.00000000000000        95.000000000000000        84.000000000000000        133.00000000000000        126.00000000000000        108.00000000000000        129.00000000000000        104.00000000000000        115.00000000000000        127.00000000000000        113.00000000000000        120.00000000000000        118.00000000000000        118.00000000000000        115.00000000000000        123.00000000000000        124.00000000000000        107.00000000000000        94.000000000000000        81.000000000000000        88.000000000000000        51.000000000000000        37.000000000000000        30.000000000000000        26.000000000000000        9.0000000000000000        0.0000000000000000        48.000000000000000        105.00000000000000        154.00000000000000        171.00000000000000        186.00000000000000        190.00000000000000        229.00000000000000        233.00000000000000        228.00000000000000        243.00000000000000        256.00000000000000        248.00000000000000        247.00000000000000        269.00000000000000        224.00000000000000        251.00000000000000        239.00000000000000        253.00000000000000        285.00000000000000        226.00000000000000        240.00000000000000        215.00000000000000        210.00000000000000        237.00000000000000        206.00000000000000        224.00000000000000        193.00000000000000        183.00000000000000        198.00000000000000        165.00000000000000        155.00000000000000        141.00000000000000        124.00000000000000        110.00000000000000        123.00000000000000        109.00000000000000        90.000000000000000        71.000000000000000        55.000000000000000        50.000000000000000        53.000000000000000        45.000000000000000        25.000000000000000        20.000000000000000        4.0000000000000000        0.0000000000000000        0.0000000000000000        0.0000000000000000        0.0000000000000000        0.0000000000000000        0.0000000000000000        0.0000000000000000        0.0000000000000000        0.0000000000000000        0.0000000000000000        0.0000000000000000        0.0000000000000000        0.0000000000000000        0.0000000000000000        0.0000000000000000        0.0000000000000000        0.0000000000000000        0.0000000000000000        0.0000000000000000        0.0000000000000000        0.0000000000000000        0.0000000000000000        0.0000000000000000        0.0000000000000000        0.0000000000000000        0.0000000000000000        0.0000000000000000        0.0000000000000000        0.0000000000000000        0.0000000000000000        0.0000000000000000        0.0000000000000000        0.0000000000000000        0.0000000000000000        0.0000000000000000        0.0000000000000000        0.0000000000000000        0.0000000000000000        0.0000000000000000        0.0000000000000000        0.0000000000000000        0.0000000000000000        0.0000000000000000        0.0000000000000000        0.0000000000000000        0.0000000000000000        0.0000000000000000        0.0000000000000000        0.0000000000000000        0.0000000000000000        0.0000000000000000        0.0000000000000000        0.0000000000000000        0.0000000000000000        0.0000000000000000        0.0000000000000000        0.0000000000000000        0.0000000000000000        0.0000000000000000        0.0000000000000000        0.0000000000000000        0.0000000000000000        0.0000000000000000        0.0000000000000000        0.0000000000000000        0.0000000000000000        0.0000000000000000        0.0000000000000000        0.0000000000000000        0.0000000000000000        0.0000000000000000        0.0000000000000000        0.0000000000000000        0.0000000000000000        0.0000000000000000        0.0000000000000000        0.0000000000000000        0.0000000000000000        0.0000000000000000        0.0000000000000000        0.0000000000000000        0.0000000000000000        0.0000000000000000        0.0000000000000000        0.0000000000000000        0.0000000000000000        0.0000000000000000        0.0000000000000000        0.0000000000000000        0.0000000000000000     
           0           0 F

   *** END ***
