 #  Results from PENMAIN.
 #  Energy distributions of upbound particles.
 #  1st column: E (eV).
 #  2nd and 3rd columns: PDF and STU for electrons.
 #  4th and 5th columns: PDF and STU for photons.
 #  6th and 7th columns: PDF and STU for positrons.
 #    PDFs and STUs in units of 1/(eV*primary_particle).
  1.500000E+02  3.292667E-06  1.00E-07  2.786667E-07  2.89E-08  1.000000E-35  0.00E+00
  4.500000E+02  4.684000E-06  1.20E-07  9.133333E-08  1.66E-08  1.000000E-35  0.00E+00
  7.500000E+02  2.896667E-06  9.39E-08  8.400000E-08  1.59E-08  1.000000E-35  0.00E+00
  1.050000E+03  2.482333E-06  8.69E-08  8.166667E-08  1.57E-08  1.000000E-35  0.00E+00
  1.350000E+03  2.304000E-06  8.40E-08  8.166667E-08  1.57E-08  1.000000E-35  0.00E+00
  1.650000E+03  2.185000E-06  8.19E-08  1.403333E-07  2.06E-08  1.000000E-35  0.00E+00
  1.950000E+03  1.856667E-06  7.54E-08  8.433333E-08  1.59E-08  1.000000E-35  0.00E+00
  2.250000E+03  1.409667E-06  6.52E-08  1.196333E-06  5.99E-08  1.000000E-35  0.00E+00
  2.550000E+03  1.266333E-06  6.17E-08  3.700000E-08  1.05E-08  1.000000E-35  0.00E+00
  2.850000E+03  1.218000E-06  6.05E-08  5.933333E-08  1.33E-08  1.000000E-35  0.00E+00
  3.150000E+03  1.187333E-06  5.97E-08  4.233333E-08  1.13E-08  1.000000E-35  0.00E+00
  3.450000E+03  1.077667E-06  5.69E-08  3.500000E-08  1.02E-08  1.000000E-35  0.00E+00
  3.750000E+03  1.020667E-06  5.54E-08  3.966667E-08  1.09E-08  1.000000E-35  0.00E+00
  4.050000E+03  9.880000E-07  5.45E-08  3.466667E-08  1.02E-08  1.000000E-35  0.00E+00
  4.350000E+03  9.296667E-07  5.29E-08  3.533333E-08  1.03E-08  1.000000E-35  0.00E+00
  4.650000E+03  8.843333E-07  5.16E-08  3.100000E-08  9.64E-09  1.000000E-35  0.00E+00
  4.950000E+03  8.283333E-07  4.98E-08  3.333333E-08  1.00E-08  1.000000E-35  0.00E+00
  5.250000E+03  7.796667E-07  4.84E-08  3.366667E-08  1.00E-08  1.000000E-35  0.00E+00
  5.550000E+03  7.076667E-07  4.61E-08  2.733333E-08  9.06E-09  1.000000E-35  0.00E+00
  5.850000E+03  6.926667E-07  4.56E-08  2.933333E-08  9.38E-09  1.000000E-35  0.00E+00
  6.150000E+03  6.376667E-07  4.38E-08  2.700000E-08  9.00E-09  1.000000E-35  0.00E+00
  6.450000E+03  6.283333E-07  4.35E-08  2.866667E-08  9.27E-09  1.000000E-35  0.00E+00
  6.750000E+03  5.953333E-07  4.23E-08  2.266667E-08  8.25E-09  1.000000E-35  0.00E+00
  7.050000E+03  5.826667E-07  4.20E-08  2.800000E-08  9.17E-09  1.000000E-35  0.00E+00
  7.350000E+03  5.700000E-07  4.14E-08  2.700000E-08  9.00E-09  1.000000E-35  0.00E+00
  7.650000E+03  5.286667E-07  3.99E-08  1.966667E-08  7.68E-09  1.000000E-35  0.00E+00
  7.950000E+03  5.346667E-07  4.01E-08  2.533333E-08  8.72E-09  1.000000E-35  0.00E+00
  8.250000E+03  5.083333E-07  3.90E-08  2.000000E-08  7.75E-09  1.000000E-35  0.00E+00
  8.550000E+03  4.870000E-07  3.82E-08  3.466667E-08  1.02E-08  1.000000E-35  0.00E+00
  8.850000E+03  4.876667E-07  3.84E-08  1.533333E-08  6.78E-09  1.000000E-35  0.00E+00
  9.150000E+03  4.883333E-07  3.84E-08  1.533333E-08  6.78E-09  1.000000E-35  0.00E+00
  9.450000E+03  4.723333E-07  3.77E-08  1.833333E-08  7.42E-09  1.000000E-35  0.00E+00
  9.750000E+03  4.730000E-07  3.77E-08  2.740000E-07  2.87E-08  1.000000E-35  0.00E+00
  1.005000E+04  4.616667E-07  3.73E-08  1.600000E-08  6.93E-09  1.000000E-35  0.00E+00
  1.035000E+04  4.443333E-07  3.67E-08  1.700000E-08  7.14E-09  1.000000E-35  0.00E+00
  1.065000E+04  4.403333E-07  3.65E-08  1.433333E-08  6.56E-09  1.000000E-35  0.00E+00
  1.095000E+04  4.696667E-07  3.77E-08  1.933333E-08  7.62E-09  1.000000E-35  0.00E+00
  1.125000E+04  4.503333E-07  3.70E-08  2.400000E-08  8.49E-09  1.000000E-35  0.00E+00
  1.155000E+04  4.686667E-07  3.76E-08  1.660000E-07  2.23E-08  1.000000E-35  0.00E+00
  1.185000E+04  4.613333E-07  3.73E-08  2.100000E-08  7.94E-09  1.000000E-35  0.00E+00
  1.215000E+04  4.863333E-07  3.85E-08  1.300000E-08  6.24E-09  1.000000E-35  0.00E+00
  1.245000E+04  4.766667E-07  3.81E-08  8.333333E-09  5.00E-09  1.000000E-35  0.00E+00
  1.275000E+04  4.820000E-07  3.83E-08  1.266667E-08  6.16E-09  1.000000E-35  0.00E+00
  1.305000E+04  4.860000E-07  3.84E-08  1.166667E-08  5.92E-09  1.000000E-35  0.00E+00
  1.335000E+04  4.880000E-07  3.87E-08  2.833333E-08  9.22E-09  1.000000E-35  0.00E+00
  1.365000E+04  5.230000E-07  4.00E-08  1.266667E-08  6.16E-09  1.000000E-35  0.00E+00
  1.395000E+04  5.180000E-07  3.98E-08  1.266667E-08  6.16E-09  1.000000E-35  0.00E+00
  1.425000E+04  5.433333E-07  4.09E-08  1.400000E-08  6.48E-09  1.000000E-35  0.00E+00
  1.455000E+04  5.510000E-07  4.11E-08  1.366667E-08  6.40E-09  1.000000E-35  0.00E+00
  1.485000E+04  5.476667E-07  4.07E-08  1.400000E-08  6.48E-09  1.000000E-35  0.00E+00
  1.515000E+04  5.840000E-07  4.19E-08  8.666667E-09  5.10E-09  1.000000E-35  0.00E+00
  1.545000E+04  6.003333E-07  4.24E-08  1.000000E-08  5.48E-09  1.000000E-35  0.00E+00
  1.575000E+04  6.323333E-07  4.36E-08  1.166667E-08  5.92E-09  1.000000E-35  0.00E+00
  1.605000E+04  6.843333E-07  4.53E-08  9.333333E-09  5.29E-09  1.000000E-35  0.00E+00
  1.635000E+04  6.846667E-07  4.53E-08  1.033333E-08  5.57E-09  1.000000E-35  0.00E+00
  1.665000E+04  7.520000E-07  4.75E-08  8.666667E-09  5.10E-09  1.000000E-35  0.00E+00
  1.695000E+04  7.596667E-07  4.77E-08  1.033333E-08  5.57E-09  1.000000E-35  0.00E+00
  1.725000E+04  8.373333E-07  5.01E-08  1.333333E-08  6.32E-09  1.000000E-35  0.00E+00
  1.755000E+04  8.583333E-07  5.07E-08  1.000000E-08  5.48E-09  1.000000E-35  0.00E+00
  1.785000E+04  9.333333E-07  5.29E-08  1.000000E-08  5.48E-09  1.000000E-35  0.00E+00
  1.815000E+04  9.696667E-07  5.39E-08  9.666667E-09  5.39E-09  1.000000E-35  0.00E+00
  1.845000E+04  1.069000E-06  5.66E-08  1.200000E-08  6.00E-09  1.000000E-35  0.00E+00
  1.875000E+04  1.163667E-06  5.91E-08  8.000000E-09  4.90E-09  1.000000E-35  0.00E+00
  1.905000E+04  1.280667E-06  6.20E-08  6.666667E-09  4.47E-09  1.000000E-35  0.00E+00
  1.935000E+04  1.371333E-06  6.41E-08  1.200000E-08  6.00E-09  1.000000E-35  0.00E+00
  1.965000E+04  1.518667E-06  6.75E-08  6.666667E-09  4.47E-09  1.000000E-35  0.00E+00
  1.995000E+04  1.655667E-06  7.05E-08  6.333333E-09  4.36E-09  1.000000E-35  0.00E+00
  2.025000E+04  1.805000E-06  7.36E-08  8.333333E-09  5.00E-09  1.000000E-35  0.00E+00
  2.055000E+04  2.042000E-06  7.82E-08  7.000000E-09  4.58E-09  1.000000E-35  0.00E+00
  2.085000E+04  2.202000E-06  8.13E-08  6.666667E-09  4.47E-09  1.000000E-35  0.00E+00
  2.115000E+04  2.482667E-06  8.63E-08  8.333333E-09  5.00E-09  1.000000E-35  0.00E+00
  2.145000E+04  2.759333E-06  9.09E-08  6.666667E-09  4.47E-09  1.000000E-35  0.00E+00
  2.175000E+04  3.167667E-06  9.74E-08  3.666667E-09  3.32E-09  1.000000E-35  0.00E+00
  2.205000E+04  3.494667E-06  1.02E-07  7.333333E-09  4.69E-09  1.000000E-35  0.00E+00
  2.235000E+04  3.913667E-06  1.08E-07  6.333333E-09  4.36E-09  1.000000E-35  0.00E+00
  2.265000E+04  4.322000E-06  1.14E-07  7.000000E-09  4.58E-09  1.000000E-35  0.00E+00
  2.295000E+04  4.883000E-06  1.21E-07  6.000000E-09  4.24E-09  1.000000E-35  0.00E+00
  2.325000E+04  5.308333E-06  1.26E-07  8.000000E-09  4.90E-09  1.000000E-35  0.00E+00
  2.355000E+04  5.810667E-06  1.32E-07  5.666667E-09  4.12E-09  1.000000E-35  0.00E+00
  2.385000E+04  6.483667E-06  1.39E-07  8.666667E-09  5.10E-09  1.000000E-35  0.00E+00
  2.415000E+04  7.231667E-06  1.47E-07  7.333333E-09  4.69E-09  1.000000E-35  0.00E+00
  2.445000E+04  8.065333E-06  1.55E-07  7.666667E-09  4.80E-09  1.000000E-35  0.00E+00
  2.475000E+04  9.047000E-06  1.65E-07  4.666667E-09  3.74E-09  1.000000E-35  0.00E+00
  2.505000E+04  1.021300E-05  1.75E-07  5.666667E-09  4.12E-09  1.000000E-35  0.00E+00
  2.535000E+04  1.149933E-05  1.85E-07  5.000000E-09  3.87E-09  1.000000E-35  0.00E+00
  2.565000E+04  1.310167E-05  1.98E-07  7.000000E-09  4.58E-09  1.000000E-35  0.00E+00
  2.595000E+04  1.502533E-05  2.12E-07  5.000000E-09  3.87E-09  1.000000E-35  0.00E+00
  2.625000E+04  1.749500E-05  2.28E-07  4.333333E-09  3.61E-09  1.000000E-35  0.00E+00
  2.655000E+04  2.052133E-05  2.47E-07  4.666667E-09  3.74E-09  1.000000E-35  0.00E+00
  2.685000E+04  2.455867E-05  2.70E-07  7.333333E-09  4.69E-09  1.000000E-35  0.00E+00
  2.715000E+04  2.994833E-05  2.98E-07  7.333333E-09  4.69E-09  1.000000E-35  0.00E+00
  2.745000E+04  3.805233E-05  3.36E-07  5.333333E-09  4.00E-09  1.000000E-35  0.00E+00
  2.775000E+04  5.145300E-05  3.90E-07  5.000000E-09  3.87E-09  1.000000E-35  0.00E+00
  2.805000E+04  7.342667E-05  4.64E-07  6.000000E-09  4.24E-09  1.000000E-35  0.00E+00
  2.835000E+04  1.100707E-04  5.65E-07  5.333333E-09  4.00E-09  1.000000E-35  0.00E+00
  2.865000E+04  1.719003E-04  6.99E-07  7.333333E-09  4.69E-09  1.000000E-35  0.00E+00
  2.895000E+04  2.952510E-04  8.98E-07  4.333333E-09  3.61E-09  1.000000E-35  0.00E+00
  2.925000E+04  5.818277E-04  1.20E-06  2.000000E-09  2.45E-09  1.000000E-35  0.00E+00
  2.955000E+04  8.902313E-04  1.40E-06  4.666667E-09  3.74E-09  1.000000E-35  0.00E+00
  2.985000E+04  3.312927E-04  9.46E-07  1.666667E-09  2.24E-09  1.000000E-35  0.00E+00
